******** Attack No: 15001 ******
[1, 2, 3, 244, 247, 6, 7, 8, 9, 15001]
[859, 11, 349, 418, 14, 621, 135, 173, 18, 15001]
[29, 20, 21, 22, 23, 734, 25, 26, 27, 15001]
[28, 29, 217, 874, 276, 30, 57, 35, 709, 15001]
******** Attack No: 15002 ******
[217, 38, 154, 629, 590, 42, 152, 44, 247, 15002]
[135, 47, 48, 709, 132, 51, 52, 53, 882, 15002]
[874, 56, 57, 244, 59, 440, 349, 603, 63, 15002]
[64, 310, 155, 734, 710, 69, 418, 110, 30, 15002]
******** Attack No: 15003 ******
[152, 725, 75, 76, 247, 238, 79, 80, 81, 15003]
[29, 83, 307, 315, 710, 459, 88, 89, 90, 15003]
[859, 92, 874, 94, 713, 135, 895, 217, 634, 15003]
[100, 244, 102, 431, 104, 709, 174, 463, 734, 15003]
******** Attack No: 15004 ******
[109, 110, 135, 734, 155, 114, 115, 116, 117, 15004]
[118, 709, 244, 132, 307, 247, 124, 621, 425, 15004]
[315, 128, 129, 276, 131, 29, 463, 217, 135, 15004]
[136, 353, 138, 30, 38, 872, 874, 143, 895, 15004]
******** Attack No: 15005 ******
[349, 894, 147, 155, 368, 150, 151, 217, 709, 15005]
[154, 155, 621, 157, 259, 459, 160, 874, 88, 15005]
[734, 164, 425, 270, 247, 135, 710, 174, 859, 15005]
[431, 173, 174, 175, 244, 337, 178, 179, 180, 15005]
******** Attack No: 15006 ******
[181, 121, 183, 155, 872, 57, 187, 154, 30, 15006]
[135, 710, 874, 193, 459, 195, 463, 174, 709, 15006]
[315, 590, 201, 202, 203, 734, 217, 206, 207, 15006]
[164, 209, 210, 211, 247, 213, 244, 215, 216, 15006]
******** Attack No: 15007 ******
[217, 337, 205, 164, 368, 509, 443, 874, 173, 15007]
[722, 227, 734, 431, 135, 359, 315, 244, 132, 15007]
[438, 634, 237, 217, 353, 247, 110, 242, 270, 15007]
[244, 245, 709, 247, 248, 249, 250, 88, 285, 15007]
******** Attack No: 15008 ******
[152, 217, 359, 244, 725, 57, 710, 353, 247, 15008]
[121, 734, 709, 894, 88, 285, 895, 440, 270, 15008]
[271, 337, 882, 274, 874, 38, 277, 135, 282, 15008]
[280, 281, 368, 276, 307, 285, 259, 287, 16, 15008]
******** Attack No: 15009 ******
[874, 315, 734, 292, 135, 244, 247, 110, 438, 15009]
[298, 299, 300, 301, 302, 621, 29, 305, 217, 15009]
[307, 308, 309, 709, 485, 154, 872, 713, 174, 15009]
[316, 397, 725, 319, 812, 38, 322, 323, 324, 15009]
******** Attack No: 15010 ******
[38, 326, 244, 793, 882, 135, 331, 894, 333, 15010]
[247, 335, 874, 734, 810, 339, 463, 341, 342, 15010]
[343, 709, 259, 217, 376, 348, 174, 350, 353, 15010]
[352, 353, 397, 355, 356, 110, 358, 359, 310, 15010]
******** Attack No: 15011 ******
[110, 285, 425, 364, 365, 164, 367, 247, 135, 15011]
[244, 709, 372, 431, 418, 683, 894, 310, 259, 15011]
[217, 282, 437, 382, 276, 603, 385, 734, 387, 15011]
[485, 88, 307, 391, 368, 874, 895, 205, 396, 15011]
******** Attack No: 15012 ******
[709, 398, 399, 629, 401, 238, 403, 404, 405, 15012]
[406, 407, 874, 409, 410, 217, 412, 135, 734, 15012]
[415, 590, 417, 882, 419, 509, 425, 422, 423, 15012]
[424, 247, 710, 895, 428, 429, 430, 431, 244, 15012]
******** Attack No: 15013 ******
[433, 509, 709, 859, 135, 438, 439, 440, 713, 15013]
[376, 217, 444, 259, 446, 447, 448, 449, 276, 15013]
[451, 244, 88, 454, 132, 247, 457, 458, 459, 15013]
[874, 353, 462, 725, 337, 443, 466, 440, 734, 15013]
******** Attack No: 15014 ******
[469, 874, 710, 244, 473, 474, 250, 709, 477, 15014]
[359, 734, 425, 307, 509, 247, 485, 154, 486, 15014]
[487, 872, 489, 217, 491, 310, 493, 494, 135, 15014]
[440, 497, 132, 793, 500, 501, 349, 315, 238, 15014]
******** Attack No: 15015 ******
[505, 621, 397, 88, 509, 510, 874, 512, 368, 15015]
[509, 247, 683, 893, 709, 519, 590, 521, 135, 15015]
[523, 78, 734, 164, 527, 418, 529, 259, 531, 15015]
[793, 463, 57, 244, 38, 537, 217, 155, 895, 15015]
******** Attack No: 15016 ******
[270, 247, 78, 485, 285, 590, 793, 629, 549, 15016]
[244, 57, 552, 553, 554, 555, 217, 874, 425, 15016]
[349, 110, 734, 562, 563, 135, 440, 566, 152, 15016]
[709, 463, 315, 30, 572, 473, 431, 575, 459, 15016]
******** Attack No: 15017 ******
[164, 397, 579, 431, 709, 582, 583, 584, 337, 15017]
[859, 217, 247, 185, 734, 591, 174, 593, 757, 15017]
[595, 596, 597, 598, 259, 600, 713, 874, 603, 15017]
[244, 605, 793, 607, 810, 609, 610, 611, 135, 15017]
******** Attack No: 15018 ******
[164, 244, 615, 459, 359, 618, 270, 397, 621, 15018]
[622, 135, 285, 310, 734, 627, 628, 709, 630, 15018]
[307, 621, 793, 152, 57, 636, 418, 722, 882, 15018]
[353, 641, 29, 643, 894, 217, 874, 337, 247, 15018]
******** Attack No: 15019 ******
[734, 725, 651, 276, 653, 244, 217, 656, 894, 15019]
[713, 270, 660, 895, 662, 663, 425, 665, 666, 15019]
[874, 668, 812, 30, 359, 893, 882, 247, 675, 15019]
[709, 677, 135, 621, 680, 155, 682, 238, 859, 15019]
******** Attack No: 15020 ******
[685, 874, 135, 688, 689, 285, 16, 238, 693, 15020]
[247, 695, 696, 697, 276, 699, 155, 701, 702, 15020]
[30, 704, 705, 706, 707, 154, 709, 710, 734, 15020]
[712, 713, 217, 244, 716, 872, 718, 719, 720, 15020]
******** Attack No: 15021 ******
[397, 368, 337, 244, 725, 629, 353, 152, 285, 15021]
[509, 250, 732, 733, 734, 725, 536, 238, 738, 15021]
[734, 740, 741, 132, 894, 744, 745, 590, 874, 15021]
[859, 749, 217, 485, 135, 753, 754, 709, 247, 15021]
******** Attack No: 15022 ******
[757, 244, 759, 760, 761, 734, 818, 764, 709, 15022]
[766, 767, 57, 769, 135, 771, 629, 247, 217, 15022]
[775, 776, 777, 778, 872, 38, 713, 164, 783, 15022]
[88, 397, 786, 310, 788, 874, 790, 152, 418, 15022]
******** Attack No: 15023 ******
[793, 725, 795, 629, 797, 798, 217, 29, 431, 15023]
[440, 803, 804, 805, 806, 807, 874, 809, 810, 15023]
[244, 418, 813, 459, 590, 816, 359, 270, 734, 15023]
[709, 473, 822, 135, 824, 247, 826, 485, 828, 15023]
******** Attack No: 15024 ******
[244, 830, 247, 185, 509, 217, 835, 874, 135, 15024]
[838, 709, 307, 437, 842, 843, 844, 845, 154, 15024]
[847, 270, 849, 850, 851, 852, 853, 854, 734, 15024]
[132, 857, 629, 859, 860, 349, 862, 863, 757, 15024]
******** Attack No: 15025 ******
[110, 536, 867, 463, 238, 174, 874, 872, 873, 15025]
[709, 244, 38, 882, 310, 818, 880, 713, 154, 15025]
[359, 884, 440, 217, 459, 888, 29, 890, 872, 15025]
[485, 793, 349, 895, 734, 135, 247, 899, 368, 15025]
