******** Attack No: 15001 ******
[15, 50, 260, 52, 53, 54, 55, 56, 57, 15001]
[20, 282, 59, 60, 61, 174, 63, 64, 187, 15001]
******** Attack No: 15002 ******
[4, 66, 67, 68, 69, 70, 71, 174, 73, 15002]
[29, 74, 178, 76, 77, 78, 282, 80, 81, 15002]
******** Attack No: 15003 ******
[29, 82, 83, 84, 85, 86, 87, 88, 282, 15003]
[3, 90, 91, 92, 93, 94, 95, 96, 97, 15003]
******** Attack No: 15004 ******
[24, 98, 99, 174, 101, 102, 103, 104, 105, 15004]
[0, 106, 107, 108, 109, 110, 111, 112, 260, 15004]
******** Attack No: 15005 ******
[19, 114, 115, 174, 117, 118, 119, 120, 121, 15005]
[21, 122, 123, 282, 125, 126, 127, 128, 129, 15005]
******** Attack No: 15006 ******
[23, 130, 131, 178, 187, 134, 135, 136, 137, 15006]
[26, 138, 139, 140, 141, 142, 143, 282, 145, 15006]
******** Attack No: 15007 ******
[12, 146, 178, 148, 149, 150, 151, 152, 153, 15007]
[2, 154, 187, 156, 157, 158, 159, 160, 161, 15007]
******** Attack No: 15008 ******
[25, 187, 163, 164, 165, 166, 167, 282, 169, 15008]
[6, 170, 171, 172, 178, 174, 175, 176, 177, 15008]